3	6	12	15	0.453706854
3	6	24	25  0.113426713
8	13	24	26  6.99E-05   
12	13	24	26  0.207948975
25	27	63	65  0.151235618
26	27	42	45  0.001775451
26	27	33	45  0.529324662
35	47	180	181 0.001293829
36	42	74	75  0.122878939
36	42	159	163 0.151235618
37	42	73	75  1.96E-05   
42	42	87	90  0.141783392
42	45	82	84  0.160687844
42	45	87	92  0.302471236
56	58	92	93  0.007058689
62	63	165	169 0.198496748
63	65	100	105 0.198496748
66	69	79	80  0.014075122
73	75	168	170 0.189044522
79	80	93	94  0.00027596 
79	80	90	92  0.274114557
79	80	93	94  0.207948975
79	80	145	147 0.245757879
79	80	165	169 0.198496748
82	84	144	146 0.002735451
86	86	102	103 0.007700388
86	90	152	154 0.006962966
86	94	155	156 0.011190481
86	90	161	162 0.198496748
86	90	247	250 0.160687844
86	87	102	103 0.141783392
86	87	152	154 0.103974487
86	87	161	163 0.160687844
86	87	165	169 0.160687844
87	92	143	144 0.000830746
87	90	102	103 0.151235618
87	90	152	156 0.368636818
87	90	161	162 0.113426713
87	90	165	168 0.198496748
92	96	102	103 6.46E-06   
92	96	136	138 0.001653564
92	95	144	146 0.001129814
92	96	162	165 0.076381625
92	93	102	103 0.189044522
92	93	105	105 0.113426713
92	93	111	115 0.141783392
92	93	136	137 0.113426713
92	93	138	139 0.113426713
92	93	141	144 0.406445723
92	93	145	146 0.103974487
93	95	152	154 0.189044522
93	94	100	103 0.415897949
93	94	116	119 0.189044522
93	94	119	123 0.29301901 
93	94	136	140 0.349732366
93	94	140	142 0.151235618
93	94	143	146 0.34028014 
93	94	152	156 0.330827914
93	94	166	169 0.189044522
94	96	144	144 0.160687844
94	96	154	155 0.032462191
94	96	102	103 0.264662331
94	96	137	139 0.264662331
94	96	152	155 0.264662331
94	96	161	165 0.274114557
95	96	138	139 1.87E-05   
96	100	144	146 0.198496748
96	103	173	174 0.025477698
99	105	139	140 3.92E-05   
99	105	143	144 0.088098418
99	103	155	156 0.064924381
99	100	148	156 0.368636818
100	105	136	138 0.80343922 
100	103	152	154 0.005333897
100	105	154	155 0.595490245
100	103	162	165 0.264662331
100	103	165	166 0.274114557
100	107	170	172 0.177487215
100	103	121	123 0.016866426
100	105	138	139 0.108287639
100	105	140	141 0.000101285
100	103	141	142 0.031201523
100	103	161	162 0.207948975
100	102	152	156 0.217401201
102	103	111	115 2.44E-06   
102	103	115	117 2.17E-05   
102	103	120	121 0.000549172
102	105	123	125 0.014055355
102	103	127	129 0.015152424
102	103	132	134 0.020189221
102	105	134	136 0.056896895
102	103	142	143 0.033036907
102	103	144	146 0.141783392
102	103	147	148 0.132331166
102	103	156	159 0.151235618
102	105	159	161 0.17014007 
102	107	166	168 0.127955899
102	103	111	125 1          
102	103	127	129 0.198496748
102	103	135	146 1          
102	103	152	168 1          
103	105	135	140 0.586038019
103	105	165	169 0.179592296
105	105	115	117 2.91E-06   
105	105	127	129 0.002386217
105	108	152	154 0.002143632
105	107	127	130 0.274114557
105	107	134	139 0.387541271
105	107	140	144 0.500967984
105	107	148	156 0.444254627
105	107	165	168 0.179592296
105	107	170	172 0.160687844
108	111	146	147 0.255210105
109	110	121	125 0.29301901 
109	110	135	137 0.245757879
109	110	138	139 0.122878939
109	110	143	145 0.283566783
109	110	146	146 0.103974487
109	110	154	156 0.330827914
110	116	138	139 0.415897949
110	115	154	155 2.23E-06   
110	111	119	119 0.103974487
110	111	138	139 0.103974487
110	111	141	142 0.103974487
110	111	145	147 0.236305653
111	116	152	154 0.256853971
111	117	136	138 0.387541271
111	120	139	140 0.368636818
111	115	136	140 0.359184592
111	115	152	156 0.283566783
111	115	165	169 0.189044522
115	119	130	132 0.287676447
115	117	143	144 0.198496748
115	117	117	127 1          
115	117	135	144 1          
115	117	145	146 0.113426713
115	117	154	156 0.274114557
116	117	125	127 0.000972997
116	119	140	141 0.349732366
116	117	154	155 1.02E-06   
117	121	132	134 3.71E-06   
117	119	141	142 0.160687844
117	119	139	142 0.330827914
119	125	134	136 3.89E-06   
119	123	136	138 7.60E-06   
119	123	138	139 6.21E-05   
119	119	144	146 0.035335425
119	121	154	155 2.50E-06   
119	120	130	132 0.217401201
119	120	135	140 0.727821411
119	120	140	141 0.103974487
119	120	152	154 0.113426713
119	120	155	156 0.198496748
120	125	140	141 7.19E-05   
120	121	152	154 1.30E-06   
120	121	127	132 0.311923462
120	121	135	139 0.491515758
120	121	140	142 0.255210105
120	121	152	156 0.359184592
121	123	135	137 0.198496748
123	125	140	141 0.113426713
127	130	152	154 0.004070605
127	129	143	144 0.001056705
127	129	152	156 0.46315908 
130	132	143	144 0.003044572
130	132	143	143 0.113426713
134	136	152	156 0.321375688
135	136	143	144 1.02E-06   
135	136	152	154 0.000350696
135	140	154	155 0.008098165
135	137	155	156 0.002024541
136	138	154	156 0.330827914
138	139	152	154 1.58E-06   
138	139	156	159 2.85E-06   
138	139	152	154 0.160687844
138	139	155	159 0.264662331
140	141	152	154 3.55E-06   
140	141	147	147 0.113426713
140	141	152	156 0.434802401
143	144	154	155 2.70E-06   
143	144	154	156 0.378089045
144	144	155	156 0.179592296
146	147	155	156 2.75E-06   
147	148	155	156 0.198496748
147	148	170	172 0.113426713
162	163	170	172 2.61E-06   
166	170	314	315 0.17014007 
168	169	212	214 0.103974487
170	172	261	264 0.05560133 
170	172	224	226 0.122878939
170	172	329	339 0.255210105
172	181	247	250 0.019685067
173	174	183	184 1.02E-06   
173	174	185	187 2.53E-06   
173	174	224	226 0.103974487
173	174	327	329 2.57E-05   
173	174	183	185 0.151235618
173	174	224	226 0.141783392
176	178	207	210 0.133564065
176	178	212	214 0.141783392
176	183	251	255 0.151639991
176	178	265	268 0.05560133 
176	178	265	277 0.198496748
178	183	314	315 0.051557597
180	181	268	278 0.160687844
181	183	202	203 0.103974487
181	183	204	205 0.274114557
181	183	248	255 0.283566783
181	183	332	339 0.179592296
182	183	202	203 0.015286619
182	185	203	204 6.26E-06   
182	184	204	205 4.73E-06   
182	185	242	246 0.189044522
182	185	250	251 0.005430363
182	185	277	278 0.000642548
184	185	314	321 0.151235618
185	186	204	205 3.46E-06   
185	187	204	204 0.103974487
185	187	214	215 0.17014007 
185	187	242	247 0.179592296
185	187	314	327 0.302471236
185	187	330	339 0.236305653
190	193	296	297 0.179592296
192	193	202	203 1.29E-06   
192	193	203	204 1.75E-06   
192	193	204	205 1.39E-06   
192	193	207	210 2.36E-06   
192	195	247	250 0.007806147
192	193	203	204 0.179592296
192	193	204	210 0.34028014 
192	193	212	213 0.132331166
202	204	212	214 4.26E-06   
202	203	214	215 0.120666716
202	203	212	215 0.425350175
202	203	217	219 0.132331166
202	203	221	226 0.453706854
202	203	314	321 0.207948975
202	203	329	332 0.17014007 
203	204	212	214 0.226853427
203	204	310	315 0.226853427
204	206	247	250 0.146585325
204	207	217	219 2.32E-06   
204	207	314	315 0.029366139
204	207	212	214 2.82E-06   
204	207	327	329 0.0282156  
204	205	266	268 0.113426713
204	205	327	332 0.236305653
205	207	261	264 0.006286976
205	206	229	242 0.160687844
206	210	338	339 2.59E-06   
206	207	212	215 0.245757879
207	210	255	258 0.103974487
212	217	226	227 0.008567501
212	214	214	221 0.784534768
212	214	224	227 0.349732366
212	214	258	260 0.217401201
212	214	330	332 0.103974487
213	214	219	221 6.01E-07   
213	214	223	224 1.11E-06   
213	215	224	226 2.50E-06   
213	217	329	330 0.075316543
214	217	247	250 0.12382829 
214	217	261	264 0.001672446
214	217	327	329 0.000170102
214	215	224	226 0.17014007 
215	217	307	309 0.0004954  
215	217	306	309 0.17014007 
215	217	327	330 0.17014007 
219	221	247	250 0.066041755
223	226	247	250 0.011123111
223	226	265	268 3.27E-05   
223	224	247	251 0.236305653
224	226	261	264 0.513120846
224	227	327	329 1.35E-06   
224	226	246	248 0.207948975
224	226	262	268 0.236305653
224	226	310	320 0.226853427
224	226	327	329 0.160687844
226	227	323	327 0.160687844
227	232	247	250 3.06E-06   
227	229	251	255 1.79E-05   
227	229	251	255 0.103974487
227	229	335	340 0.151235618
229	232	258	259 0.007936984
229	232	261	264 0.432101765
229	232	247	251 0.264662331
242	251	264	265 0.000455623
247	250	264	268 0.311923462
247	250	276	278 0.245757879
247	250	315	320 0.179592296
247	250	327	338 0.425350175
248	251	265	268 0.000227812
248	255	292	293 2.22E-06   
250	255	261	264 3.40E-06   
250	255	327	329 0.111800524
250	251	261	266 0.274114557
251	258	329	330 0.111800524
251	258	338	339 1.02E-06   
255	258	276	277 1.11E-06   
259	261	276	277 0.106851252
259	264	292	293 3.06E-06   
259	261	307	309 9.28E-06   
259	262	335	338 2.11E-06   
260	264	327	329 5.68E-06   
260	261	293	298 0.189044522
260	261	327	332 0.17014007 
261	264	296	297 0.151235618
261	264	306	307 0.189044522
261	264	326	329 0.255210105
262	265	299	300 0.189044522
264	268	329	330 1.70E-05   
265	268	276	278 0.29301901 
265	268	329	332 0.274114557
276	277	300	306 0.01712924 
276	278	327	329 1.13E-06   
276	277	293	296 0.179592296
276	277	300	306 0.113426713
276	277	326	329 0.226853427
277	283	314	315 0.000139478
277	278	310	315 0.189044522
283	284	296	297 1.11E-06   
283	296	329	330 1.20E-06   
283	283	292	293 0.160687844
292	293	321	323 0.103974487
293	297	327	329 0.036354716
293	296	327	332 0.217401201
298	299	307	309 4.53E-05   
299	299	314	315 0.003325546
299	299	320	323 0.000518938
299	300	306	309 0.264662331
299	300	326	327 0.103974487
306	307	314	315 8.07E-07   
306	309	315	320 1.44E-06   
306	309	327	329 1.01E-05   
306	310	329	330 1.44E-05   
306	307	315	321 0.236305653
307	309	327	329 0.226853427
314	314	327	329 3.32E-06   
314	323	329	330 3.16E-06   
314	321	339	340 1.15E-06   
314	314	326	329 0.302471236
314	315	326	327 0.132331166
314	315	329	332 0.330827914
320	323	326	332 0.812891446
320	323	335	338 0.151235618
327	329	329	332 0.690012506                      